# This file may be used to create an environment using:
# $ conda create --name <env> --file <this file>
# platform: win-64
aiogram=2.25.1=pypi_0
aiohttp=3.8.4=pypi_0
aiosignal=1.3.1=pypi_0
aiotdlib=0.19.2=pypi_0
anyio=3.7.1=pypi_0
async-timeout=4.0.2=pypi_0
attrs=22.2.0=pypi_0
babel=2.9.1=pypi_0
bzip2=1.0.8=he774522_0
ca-certificates=2023.01.10=haa95532_0
certifi=2022.12.7=py310haa95532_0
charset-normalizer=3.1.0=pypi_0
colorama=0.4.6=pypi_0
distro=1.8.0=pypi_0
exceptiongroup=1.1.3=pypi_0
frozenlist=1.3.3=pypi_0
future=0.18.3=pypi_0
grpcio=1.48.1=pypi_0
grpcio-tools=1.48.1=pypi_0
h11=0.14.0=pypi_0
httpcore=1.0.2=pypi_0
httpx=0.25.1=pypi_0
idna=3.4=pypi_0
libffi=3.4.2=hd77b12b_6
lxml=4.9.2=pypi_0
magic-filter=1.0.9=pypi_0
multidict=6.0.4=pypi_0
openai=1.3.1=pypi_0
openssl=1.1.1t=h2bbff1b_0
pillow=9.4.0=pypi_0
pip=22.3.1=py310haa95532_0
protobuf=3.19.5=pypi_0
pydantic=1.10.5=pypi_0
pymysql=1.0.2=pypi_0
pypng=0.20220715.0=pypi_0
pyqrcode=1.2.1=pypi_0
python=3.10.9=h966fe2a_1
python-docx=0.8.11=pypi_0
python-dotenv=1.0.0=pypi_0
pytz=2022.7.1=pypi_0
qrcode=7.4.2=pypi_0
requests=2.28.2=pypi_0
setuptools=65.6.3=py310haa95532_0
six=1.16.0=pypi_0
sniffio=1.3.0=pypi_0
sortedcontainers=2.4.0=pypi_0
sqlite=3.40.1=h2bbff1b_0
stability-sdk=0.4.0=pypi_0
tk=8.6.12=h2bbff1b_0
tqdm=4.65.0=pypi_0
transitions=0.9.0=pypi_0
typing-extensions=4.5.0=pypi_0
tzdata=2022g=h04d1e81_0
ujson=5.7.0=pypi_0
urllib3=1.26.14=pypi_0
vc=14.2=h21ff451_1
vs2015_runtime=14.27.29016=h5e58377_2
wheel=0.38.4=py310haa95532_0
wincertstore=0.2=py310haa95532_2
xz=5.2.10=h8cc25b3_1
yarl=1.8.2=pypi_0
zlib=1.2.13=h8cc25b3_0
